45
148
158
160
163
167
210
213
216
233
243
245
254
256
265
292
299
307
310
311
312
313
315
316
317
320
324
328
329
334
340
342
354
357
367
416
420
457
466
472
480
486
488
532
546
550
564
572
575
597
607
654
692
696
700
713
818
819
820
826
827
828
846
847
848
849
850
852
854
855
871
872
880
881
884
899
902
905
914
915
916
919
926
928
929
931
932
936
937
938
952
956
959
960
963
1026
1028
1145
1146
1147
1148
1149
1150
1194
1195
1196
1197
1199
1212
1215
1216
1217
1248
1249
1250
1252
1270
1284
1285
1286
1287
1288
1290
1301
1305
1306
1307
1308
1310
1311
1330
1336
1337
1340
1355
1359
1368
1372
1373
1383
1384
1386
1398
1399
1404
1405
1408
1409
1410
1411
1413
1414
1415
1416
1418
1421
1424
1426
1427
1428
1430
1431
1432
1438
1440
2261
2263
2273
2274
2275
2278
2280
2281
2282
2283
2287
2289
2291
2295
2296
2300
2301
2316
2331
2332
2333
2336
2338
2341
2342
2343
2344
2345
2346
2349
2352
2364
2365
2367
2369
2383
2384
2385
2391
2398
2399
2400
2401
2403
2416
2420
2421
2447
2448
2449
2456
2462
2463
2464
2471
2474
2483
2487
2492
2494
2530
2531
2532
2533
2534
2535
2714
2729
2736
2740
2741
2742
2744
2751
2754
2756
2758
2761
2762
2764
2765
2766
2767
2768
2769
2770
2772
2783
2786
2787
2790
2791
2792
2800
2801
2803
2804
2805
2811
2812
2814
2818
2819
2821
2824
2827
2829
2836
2837
2840
2843
2844
2847
2848
2850
2851
2855
2860
2861
2862
2863
2878
2881
2882
2883
2884
2887
2888
2889
2892
2893
2894
2896
2897
2899
2901
2904
2905
2915
2919
2922
2925
2927
2928
2932
2933
2936
2938
3000
3009
3025
3026
3032
3036
3039
3047
3054
3055
3056
3076
3077
3078
3085
3089
3090
3119
3128
3133
3141
3146
3148
3149
3158
3171
3174
3186
3191
3218
3219
3221
3222
3230
3233
3235
3240
3244
3246
3265
3271
3276
3282
3287
3290
3294
3298
3300
3303
3304
3308
3309
3311
3316
3320
3322
3323
3324
3332
3336
3339
3341
3343
3346
3349
3351
3352
3353
3355
3356
3359
3361
3363
3364
3365
3368
3370
3373
3377
3380
3386
3387
3390
3391
3398
3399
3402
3403
3404
3408
3410
3411
3415
3416
3417
3421
3422
3423
3424
3429
3430
3431
3434
3439
3440
3441
3442
3443
3444
3445
3447
3450
3453
3458
3461
3465
3468
3469
3476
3477
3478
3481
3482
3487
3490
3492
3494
3496
3498
3499
3503
3505
3507
3508
3510
3513
3514
3516
3520
3522
3524
3526
3528
3529
3530
3532
3533
3538
3541
3543
3544
3545
3549
3550
3552
3554
3556
3563
3566
3567
3569
3571
3572
3575
3576
3577
3578
3581
3584
3586
3589
3591
3592
3596
3597
3598
3603
3604
3606
3607
3612
3614
3618
3624
3627
3628
3631
3632
3634
3635
3636
3637
3639
3642
3643
3644
3646
3647
3648
3650
3653
3654
3658
3659
3660
3662
3663
3664
3666
3670
3672
3673
3674
3676
3678
3682
3683
3685
3688
3690
3692
3693
3695
3698
3699
3701
3702
3703
3706
3710
3712
3715
3716
3719
3722
3723
3728
3729
3730
3732
3734
3735
3736
3739
3741
3744
3745
3746
3748
3752
3753
3761
3763
3765
3766
3767
3770
3773
3778
3782
3783
3793
3794
3797
3798
3800
3802
3803
3805
3807
3809
3810
3811
3812
3814
3815
3817
3821
3822
3827
3834
3836
3837
3838
3844
3849
3850
3853
3854
3856
3861
3863
3864
3867
3870
3872
3873
3877
3878
3879
3881
3882
3885
3886
3888
3889
3892
3894
3899
3902
3905
3906
3907
3909
3912
3913
3915
3916
3917
3919
3921
3927
3929
3932
3935
3936
3941
3942
3944
3946
3951
3952
3955
3957
3959
3960
3962
3965
3969
3970
3971
3972
3974
3977
3979
3980
3981
3984
3985
3986
3991
3992
3994
3996
4000
4001
4002
4004
4005
4006
4007
4014
4015
4018
4019
4023
4030
4034
4035
4037
4041
4042
4044
4045
4050
4052
4053
4057
4059
4065
4066
4067
4070
4071
4073
4074
4077
4080
4082
4083
4086
4087
4088
4091
4092
4094
4096
4098
4101
4102
4106
4114
4116
4117
4120
4122
4126
4128
4131
4132
4133
4138
4142
4148
4149
4151
4152
4155
4160
4162
4166
4168
4170
4171
4172
4176
4180
4181
4182
4184
4187
4189
4198
4199
4202
4205
4213
4214
4215
4217
4218
4221
4225
